Some((
    red: 0.34509805,
    green: 0.35686275,
    blue: 0.4392157,
))