Some((
    red: 0.8039216,
    green: 0.8392157,
    blue: 0.95686275,
))